X = [2500 7 5; 
     2000 8 7; 
     3000 6 4];